1010
1011
1020
1021
1030
1031
1032
1040
1041
1042
1043
1110
1111
1120
1121
1130
1131
1132
1140
1141
1142
1143
2010
2011
2020
2021
2030
2031
2032
2040
2041
2042
2043
2110
2111
2120
2121
2130
2131
2132
2140
2141
2142
2143
3010
3011
3020
3021
3030
3031
3032
3040
3041
3042
3043
3110
3111
3120
3121
3130
3131
3132
3140
3141
3142
3143
3210
3211
3220
3221
3230
3231
3232
3240
3241
3242
3243
4010
4011
4020
4021
4030
4031
4032
4040
4041
4042
4043
4110
4111
4120
4121
4130
4131
4132
4140
4141
4142
4143
4210
4211
4220
4221
4230
4231
4232
4240
4241
4242
4243
4310
4311
4320
4321
4330
4331
4332
4340
4341
4342
4343
